2,3,5,6
0.01087578873070022,-0.0002621614304229025,0.0006344766318738238,-6.554035760572563e-05
2,3,5,6
-0.006192862478270139,-0.0002470619651340211,-0.0004509454960232606,-6.176549128350528e-05
2,3,5,6
-0.006192862478270139,-0.005229072438119554,-0.001527059758188134,-0.0013072681095298885
2,3,4,10
0.01087578873070022,-0.0002621614304229025,-0.0015565171326336474,-0.00011408299985136816
2,6,12
-0.006192862478270139,-0.0006880958309188981,-1.544137282087632e-05
2,3,4
-0.02274820181681228,-0.0002621614304229025,-0.0015565171326336474
2,3,4,5
0.01087578873070022,-0.0002621614304229025,-0.0015565171326336474,0.0006344766318738238
2,3,4,12
0.01087578873070022,-0.0002621614304229025,-0.0015565171326336474,-1.6385089401431407e-05
2,6,8,10,24
0.010911324339544504,0.0012123693710605005,0.0004113075693241708,0.0004364529735817801,-6.241104549077787e-05
